# Single SKU Max Power Table
  # |CCK 1~11  | |    OFDM 6 ~ 54      | |             HT20 MCS 0 ~ 15                 | |             HT40 MCS 0 ~ 15                  |
 ch1 18 18 18 18 14 14 14 14 14 14 14 14 13 13 13 13 13 13 13 13 13 13 13 13 13 13 13 13 
 ch2 18 18 18 18 14 14 14 14 14 14 14 14 13 13 13 13 13 13 13 13 13 13 13 13 13 13 13 13
 ch3 18 18 18 18 21 21 20 20 19 19 18 18 21 21 20 20 19 19 18 18 21 21 20 20 19 19 18 18 10 10 10 10 10 10 10 10 10 10 10 10 10 10 10 10
 ch4 18 18 18 18 21 21 20 20 19 19 18 18 21 21 20 20 19 19 18 18 21 21 20 20 19 19 18 18 10 10 10 10 10 10 10 10 10 10 10 10 10 10 10 10
 ch5 18 18 18 18 21 21 20 20 19 19 18 18 21 21 20 20 19 19 18 18 21 21 20 20 19 19 18 18 15 15 15 15 15 15 15 15 15 15 15 15 15 15 15 15
 ch6 18 18 18 18 21 21 20 20 19 19 18 18 21 21 20 20 19 19 18 18 21 21 20 20 19 19 18 18 15 15 15 15 15 15 15 15 15 15 15 15 15 15 15 15
 ch7 18 18 18 18 21 21 20 20 19 19 18 18 21 21 20 20 19 19 18 18 21 21 20 20 19 19 18 18 15 15 15 15 15 15 15 15 15 15 15 15 15 15 15 15
 ch8 18 18 18 18 21 21 20 20 19 19 18 18 21 21 20 20 19 19 18 18 21 21 20 20 19 19 18 18 11 11 11 11 11 11 11 11 11 11 11 11 11 11 11 11
 ch9 18 18 18 18 21 21 20 20 19 19 18 18 21 21 20 20 19 19 18 18 21 21 20 20 19 19 18 18 11 11 11 11 11 11 11 11 11 11 11 11 11 11 11 11
ch10 18 18 18 18 15 15 15 15 15 15 15 15 14 14 14 14 14 14 14 14 14 14 14 14 14 14 14 14 
ch11 18 18 18 18 15 15 15 15 15 15 15 15 14 14 14 14 14 14 14 14 14 14 14 14 14 14 14 14 
ch12 
ch13 
ch14 
# End of Single SKU Table