# Single SKU Max Power Table
  # |CCK 1~11  | |    OFDM 6 ~ 54      | |             HT20 MCS 0 ~ 15                 | |             HT40 MCS 0 ~ 15                  |
 ch1 16 16 16 16 16 16 16 16 16 16 16 16 14 14 14 14 14 14 14 14 14 14 14 14 14 14 14 14 
 ch2 16 16 16 16 16 16 16 16 16 16 16 16 14 14 14 14 14 14 14 14 14 14 14 14 14 14 14 14
 ch3 20 20 20 20 19 19 18 18 17 17 17 17 19 19 19 18 18 18 17 17 19 19 19 18 18 18 17 17 12 12 12 12 12 12 12 12 12 12 12 12 12 12 12 12
 ch4 20 20 20 20 19 19 18 18 17 17 17 17 19 19 19 18 18 18 17 17 19 19 19 18 18 18 17 17 12 12 12 12 12 12 12 12 12 12 12 12 12 12 12 12
 ch5 20 20 20 20 19 19 18 18 17 17 17 17 19 19 19 18 18 18 17 17 19 19 19 18 18 18 17 17 14 14 14 14 14 14 14 14 14 14 14 14 14 14 14 14
 ch6 20 20 20 20 19 19 18 18 17 17 17 17 19 19 19 18 18 18 17 17 19 19 19 18 18 18 17 17 14 14 14 14 14 14 14 14 14 14 14 14 14 14 14 14
 ch7 20 20 20 20 19 19 18 18 17 17 17 17 19 19 19 18 18 18 17 17 19 19 19 18 18 18 17 17 14 14 14 14 14 14 14 14 14 14 14 14 14 14 14 14
 ch8 20 20 20 20 19 19 18 18 17 17 17 17 19 19 19 18 18 18 17 17 19 19 19 18 18 18 17 17 13 13 13 13 13 13 13 13 13 13 13 13 13 13 13 13
 ch9 20 20 20 20 19 19 18 18 17 17 17 17 19 19 19 18 18 18 17 17 19 19 19 18 18 18 17 17 13 13 13 13 13 13 13 13 13 13 13 13 13 13 13 13
ch10 20 20 20 20 16 16 16 16 16 16 16 16 15 15 15 15 15 15 15 15 15 15 15 15 15 15 15 15 
ch11 20 20 20 20 16 16 16 16 16 16 16 16 15 15 15 15 15 15 15 15 15 15 15 15 15 15 15 15 
ch12 
ch13 
ch14 
# End of Single SKU Table